0 CHANGED 441725 441725
1 CHANGED 423274 423039
2 CHANGED 126082 125844
3 CHANGED 441725 441725
4 CHANGED 441725 441725
5 CHANGED 143905 143904
6 CHANGED 441725 441725
7 CHANGED 240831 241175
8 CHANGED 441725 441725
9 CHANGED 425104 424601
10 CHANGED 441912 441725
11 CHANGED 441912 441725
12 CHANGED 441725 441725
13 CHANGED 441818 441725
14 CHANGED 428802 428388
15 same 441725 441725
16 CHANGED 441820 441725
17 CHANGED 416230 415935
18 CHANGED 441820 441725
19 CHANGED 441818 441725
20 CHANGED 441725 441725
21 CHANGED 443069 442999
22 CHANGED 383345 382955
23 CHANGED 441725 441725
